1 0.09333733493397359 0.008703481392557022 0.003001200480192077
2 0.09603841536614646 0.0117046818727491 0.0033013205282112846
3 0.09303721488595439 0.001800720288115246 0.017106842737094837
4 0.04531812725090036 0.003001200480192077 0.05732292917166867
5 0.024009603841536616 0.0027010804321728693 0.10444177671068428
6 0.021608643457382955 0.030012004801920768 0.1521608643457383
7 0.0015006002400960385 0.0015006002400960385 0.16896758703481393
8 0.04981992797118848 0.0021008403361344537 0.19807923169267708
9 0.000900360144057623 0.014705882352941176 0.21998799519807924
10 0.0006002400960384153 0.0027010804321728693 0.21158463385354143
11 0.003001200480192077 0.0015006002400960385 0.23769507803121248
12 0.01020408163265306 0.011104441776710685 0.25840336134453784
13 0.093937575030012 0.008403361344537815 0.2469987995198079
14 0.0024009603841536613 0.001800720288115246 0.26860744297719086
15 0.004501800720288115 0.012304921968787515 0.25660264105642255
16 0.09123649459783914 0.003601440576230492 0.257202881152461
17 0.07623049219687875 0.005402160864345739 0.25060024009603843
18 0.001800720288115246 0.00510204081632653 0.24849939975990396
19 0.0012004801920768306 0.0063025210084033615 0.25180072028811523
20 0.0024009603841536613 0.0012004801920768306 0.2421968787515006
