1 0.0798479087 0.036121673 0.0798479087
2 0.0180608365 0.066539924 0.0931558935
3 0.11121673 0.0247148289 0.0893536122
4 0.0741444867 0.0009505703 0.072243346
5 0.0912547529 0.0038022814 0.0617870722
6 0.038973384 0.0142585551 0.030418251
7 0.066539924 0.0038022814 0.0532319392
8 0.069391635 0.0114068441 0.0266159696
9 0.1064638783 0.0057034221 0.0247148289
10 0.0788973384 0.0057034221 0.0380228137
11 0.2053231939 0.0047528517 0.0256653992
12 0.0598859316 0.0114068441 0.0380228137
13 0.0798479087 0.0104562738 0.0437262357
14 0.069391635 0.0076045627 0.0408745247
15 0.0903041825 0.0152091255 0.0484790875
16 0.0190114068 0.0047528517 0.0275665399
17 0.0646387833 0.0104562738 0.0513307985
18 0.11121673 0.0142585551 0.0446768061
19 0.0456273764 0.0038022814 0.0456273764
20 0.0969581749 0.002851711 0.0427756654
