1000 0.9043092522179975 0.9290240811153359 0.9188846641318125
2000 0.9119138149556401 0.9315589353612167 0.9372623574144486
3000 0.9138149556400507 0.9347275031685678 0.9397972116603295
4000 0.9119138149556401 0.9474017743979721 0.9423320659062104
5000 0.9112801013941698 0.9467680608365019 0.9518377693282636
6000 0.9049429657794676 0.9486692015209125 0.9448669201520913
7000 0.9074778200253485 0.9416983523447402 0.958808618504436
8000 0.903041825095057 0.9518377693282636 0.9531051964512041
9000 0.908745247148289 0.9429657794676806 0.9575411913814955
10000 0.9024081115335868 0.9550063371356147 0.9613434727503168
