1000 0.8567073170731707 0.8475609756097561 0.8384146341463414
2000 0.8384146341463414 0.8394308943089431 0.858739837398374
3000 0.8648373983739838 0.8638211382113821 0.8719512195121951
4000 0.8546747967479674 0.8475609756097561 0.8597560975609756
5000 0.8739837398373984 0.8292682926829268 0.8780487804878049
6000 0.8739837398373984 0.8628048780487805 0.8719512195121951
7000 0.8678861788617886 0.842479674796748 0.8739837398373984
8000 0.8638211382113821 0.834349593495935 0.8638211382113821
9000 0.8689024390243902 0.8465447154471545 0.8689024390243902
10000 0.8689024390243902 0.8434959349593496 0.8577235772357723
