1 0.857366626739 0.87210909426 0.87164839215
2 0.864599649866 0.866304247673 0.874735096287
3 0.875748640929 0.860084769188 0.878697134433
4 0.873122638902 0.86201971805 0.880355662029
5 0.870035934765 0.862388279738 0.871233760251
6 0.874965447342 0.86155901594 0.872615866581
7 0.874274394177 0.862710771215 0.870957338985
8 0.872016953838 0.866073896618 0.87026628582
9 0.873583341012 0.842624159219 0.870128075187
10 0.872155164471 0.866903160416 0.871740532572
11 0.873905832489 0.861512945729 0.872661936792
12 0.874228323966 0.86201971805 0.869068460334
13 0.865935685985 0.857643048005 0.870450566664
14 0.869298811389 0.748963420252 0.87210909426
15 0.875380079241 0.852114622685 0.870773058141
16 0.873122638902 0.731088178384 0.866764949783
17 0.87448517 0.80131761 0.86839929
18 0.87486768 0.79605998 0.86795946
19 0.8752502 0.79080235 0.86751962
20 0.87563272 0.78554473 0.86707979
