1 0.8648373983739838 0.8516260162601627 0.858739837398374
2 0.8323170731707317 0.8292682926829268 0.875
3 0.8475609756097561 0.8373983739837398 0.850609756097561
4 0.8556910569105691 0.8292682926829268 0.8516260162601627
5 0.8292682926829268 0.8323170731707317 0.8434959349593496
6 0.8394308943089431 0.8475609756097561 0.8353658536585366
7 0.7804878048780488 0.842479674796748 0.8648373983739838
8 0.8038617886178862 0.8363821138211383 0.850609756097561
9 0.741869918699187 0.8272357723577236 0.8313008130081301
10 0.8099593495934959 0.842479674796748 0.8567073170731707
11 0.8302845528455285 0.8282520325203252 0.8434959349593496
12 0.7967479674796748 0.8363821138211383 0.8211382113821138
13 0.7713414634146342 0.8384146341463414 0.8404471544715447
14 0.8109756097560976 0.823170731707317 0.8546747967479674
15 0.7560975609756098 0.8333333333333334 0.8546747967479674
16 0.7926829268292683 0.8170731707317073 0.8567073170731707
17 0.806910569105691 0.8323170731707317 0.8191056910569106
18 0.758130081300813 0.8140243902439024 0.8526422764227642
19 0.8119918699186992 0.8262195121951219 0.8313008130081301
20 0.7967479674796748 0.8292682926829268 0.8516260162601627
