1 0.916349809886 0.904309252218 0.916983523447
2 0.934727503169 0.867553865653 0.913181242079
3 0.938529784537 0.883396704689 0.926489226869
4 0.937262357414 0.885931558935 0.924588086185
5 0.930291508238 0.878960709759 0.932192648923
6 0.944866920152 0.871989860583 0.938529784537
7 0.9309252218 0.859949302915 0.937896070976
8 0.937896070976 0.879594423321 0.942965779468
9 0.948035487959 0.858681875792 0.945500633714
10 0.949936628644 0.871356147022 0.953105196451
11 0.942965779468 0.82319391635 0.95247148289
12 0.942965779468 0.884664131812 0.958174904943
13 0.93979721166 0.867553865653 0.950570342205
14 0.951837769328 0.866920152091 0.957541191381
15 0.949302915082 0.88783269962 0.956273764259
16 0.943599493029 0.863117870722 0.960076045627
17 0.943599493029 0.857414448669 0.958174904943
18 0.954372623574 0.854245880862 0.953105196451
19 0.953738910013 0.718631178707 0.960076045627
20 0.949936628644 0.866920152091 0.958174904943
