1 0.0333807207 0.011099568 0.0653671606
2 0.0551697742 0.0141888567 0.0336814479
3 0.0390945377 0.0147356334 0.0246596315
4 0.0083656843 0.0097873038 0.0260265734
5 0.0223084914 0.0062059161 0.0170320958
6 0.0010935535 0.0100880311 0.0174695172
7 0.0057958336 0.0122751381 0.0290885232
8 0.0043195363 0.0119744108 0.0093498824
9 0.0013122642 0.0128219148 0.0195746077
10 0.0234567226 0.0109081962 0.0153644267
11 0.0080649571 0.0100333534 0.0224725245
12 0.0091585106 0.0143255509 0.0125758653
13 0.079610695 0.0083110066 0.0223084914
14 0.0250970529 0.0091038329 0.0226638963
15 0.007408825 0.0063699491 0.0118923943
16 0.0126305429 0.0072721308 0.012958609
17 0.0224998633 0.0090218164 0.017004757
18 0.0074908415 0.0107441632 0.0184537153
19 0.0354584723 0.0108261797 0.0211329214
20 0.0243862431 0.0064519657 0.0139428072
