1 0.0 0.00663716814159292 0.0022123893805309734
2 0.004424778761061947 0.0055309734513274336 0.0
3 0.004424778761061947 0.0055309734513274336 0.0
4 0.0 0.0055309734513274336 0.00663716814159292
5 0.0 0.0 0.0 0.0 0.00663716814159292
7 0.0 0.004424778761061947 0.029867256637168143
8 0.008849557522123894 0.0011061946902654867 0.034292035398230086
9 0.0022123893805309734 0.00331858407079646 0.04424778761061947
10 0.004424778761061947 0.0 0.03761061946902655
11 0.004424778761061947 0.0011061946902654867 0.04535398230088496
12 0.011061946902654867 0.0 0.0586283185840708
13 0.008849557522123894 0.0 0.06969026548672566
14 0.004424778761061947 0.0011061946902654867 0.05641592920353982
15 0.017699115044247787 0.0011061946902654867 0.06526548672566372
16 0.00663716814159292 0.0011061946902654867 0.084070796460177
17 0.0022123893805309734 0.0055309734513274336 0.08296460176991151
18 0.004424778761061947 0.0055309734513274336 0.09402654867256637
19 0.0 0.015486725663716814 0.07632743362831858
20 0.0022123893805309734 0.00663716814159292 0.07743362831858407
