1 0 0.0111111111 0.0166666667
2 0.0111111111 0.0222222222 0.0055555556
3 0 0.0222222222 0.0055555556
4 0.0333333333 0.0333333333 0.0166666667
5 0.2388888889 0.0277777778 0.0055555556
6 0.0388888889 0.0833333333 0.1111111111
7 0.0888888889 0.0277777778 0.0666666667
8 0.0277777778 0.0666666667 0.1055555556
9 0.0222222222 0.0444444444 0.0444444444
10 0.0444444444 0.0333333333 0.0444444444
11 0.15 0.05 0.0722222222
12 0.05 0.0277777778 0.05
13 0.0777777778 0.0111111111 0.0222222222
14 0.0944444444 0.05 0.05
15 0.1222222222 0.0388888889 0.0388888889
16 0.0555555556 0.0555555556 0.0666666667
17 0.0888888889 0.0277777778 0.0444444444
18 0.0388888889 0.0555555556 0.0166666667
19 0.0722222222 0.0277777778 0.05
20 0.0388888889 0.05 0.0444444444
